0.0000000000e+00            # tstart_max
1.0000000000e+10            # tend_max
1.0000000000e+00            # dt_check
2                               # min_level_check
1.0000000000e-02            # arrival_tol
0                               # point_style
37                 # npts
94.9571   30.1663 
95.0137   30.0354 
95.0171   30.0283 
95.0313   30.0071 
95.0371   30.0046 
95.0437   30.0037 
95.0521   29.9988 
95.0579   29.9946 
95.0604   29.9904 
95.0587   29.9788 
95.0687   29.9729 
95.0775   29.9717 
95.0796   29.9696 
95.0825   29.9566 
95.0804   29.9529 
95.0871   29.9487 
95.0892   29.9483 
95.0938   29.9429 
95.0971   29.9379 
95.1021   29.9312 
95.1325   29.9108 
95.1296   29.8921 
95.1454   29.8754 
95.1471   29.8888 
95.1787   29.9013 
95.1829   29.8988 
95.1921   29.8904 
95.1888   29.8937 
95.2179   29.8796 
95.2087   29.8596 
95.2887   29.8152 
95.3596   29.7087 
95.3754   29.5804 
95.0346   30.1296 
95.0512   30.1254 
95.1062   29.9179 
95.2829   29.8312 
