0.0000000000e+00            # tstart_max
1.0000000000e+10            # tend_max
1.0000000000e+00            # dt_check
2                               # min_level_check
1.0000000000e-02            # arrival_tol
0                               # point_style
29                 # npts
94.9108   29.0487 
94.9108   29.0478 
94.9058   29.0505 
94.9058   29.0478 
94.9016   28.9948 
94.904   28.9966 
94.8992   28.9844 
94.9001   28.9835 
94.8656   28.9619 
94.8675   28.9605 
94.7732   28.9082 
94.7783   28.9053 
95.0693   28.5766 
95.0708   28.5766 
95.0796   28.4018 
95.0756   28.4011 
95.0576   28.3542 
95.0578   28.3536 
94.9965   28.235 
94.998   28.2372 
95.031   28.1735 
95.0334   28.1755 
95.1436   28.134 
95.1398   28.1371 
94.7797   28.9097 
94.9178   28.7453 
94.9981   28.2372 
95.2434   28.1672 
95.2863   28.1397 
